53919
52067
13835
10432
16529
37033
63712
63420
35392
27683
17707
23276
12628
57979
2728
46918
57055
14011
24274
12401
21540
22144
30174
22159
4970
53429
17987
34627
24903
40266
23669
7370
57285
53586
41552
10034
37518
16182
26182
16169
21423
8653
14519
28926
39813
22023
51848
468
58304
58090
3689
13073
26393
30702
15047
51691
36584
18336
21410
47378
40550
9683
54070
18428
12451
23088
23764
60690
48902
4735
42723
3801
16621
12979
46789
9515
11643
63384
22091
49669
45324
10999
33090
37470
3768
45653
27579
44295
23787
45109
6584
3116
2583
18412
60099
12371
60845
1458
58419
33740
10346
30121
29479
6863
25561
5316
6825
4172
10009
4038
29208
31377
8876
21318
5357
13554
27526
13065
28514
4132
27336
29966
4629
17157
13743
5302
20923
8590
30774
14188
4252
14729
14877
14109
23442
2930
31644
28621
1315
2147
8841
5121
25828
2818
30683
6577
11423
12806
28259
1585
26213
21888
1993
22247
21141
20569
538
31845
17940
12337
609
24948
10592
18164
14437
5035
13630
9767
20262
21349
2851
22738
8811
30131
14633
5979
25133
8731
30099
6656
24976
7508
15415
2062
8942
29761
11161
32730
24790
30002
11629
11235
11572
29074
8571
14642
30966
21270
10200
13005
30662
32086
5990
9566
27368
29719
2169
28195
8168
21873
23329
14723
13879
418
26735
21101
13292
9060
27194
6669
20221
6326
13526
23406
21775
29394
21903
5891
17304
12741
14694
6040
14072
28928
10946
13316
5692
20291
23453
13010
3318
26706
14969
22423
12763
5683
19447
12153
10841
9218
30223
17198
14078
28357
9633
15872
17703
16233
24135
28030
4786
12245
23930
1266
3015
2943
23987
28591
6047
652
32736
5328
15717
31993
16051
14874
32341
28396
29640
30030
28344
28320
22733
13798
16240
29092
12146
1693
29809
23101
915
24628
10435
16773
6427
154
8632
18381
3090
23634
26968
25584
8730
10765
16175
28378
31072
12499
23621
17205
15527
31364
24996
366
13893
18769
32209
22448
21751
2318
8649
2985
13162
22761
1376
26394
14502
22924
14337
17999
31476
5731
5210
23778
3494
14517
18364
15703
16297
25336
4923
19125
16268
15733
26282
6453
2209
25854
12899
15488
912
30557
18754
18686
9791
29827
8808
25874
25648
2799
12534
27371
1392
30018
21724
23260
31696
2095
6339
10408
6959
32130
11604
27856
22398
25680
22086
6172
9741
249
18688
26430
11556
25564
23555
23343
18813
14472
4334
30517
19036
12920
15167
14643
1226
19846
24378
11242
7953
32112
26160
22044
11408
10604
25582
8072
11954
23305
22136
24399
14902
6386
14481
15648
23874
23395
16058
5681
18022
10940
23292
19007
8043
26280
28748
14383
7521
13621
4363
30199
30073
32537
15421
1020
8225
10686
20021
1512
5918
12853
733
7617
31631
5238
3071
4751
20871
280
17779
25981
31063
27930
4247
31525
9732
10990
7593
32172
19233
14155
9084
7826
24691
20571
6996
8749
9433
1518
5314
32264
26953
3128
31371
21853
14536
30735
12683
18563
21994
16075
8750
818
31723
17545
23034
6674
5029
14582
26687
27661
13374
20708
234
26201
21204
3972
7122
13215
18793
16600
