53919
52067
13835
10432
16529
37033
63712
63420
35392
27683
17707
23276
12628
57979
2728
46918
57055
14011
24274
12401
21540
22144
30174
22159
4970
53429
17987
34627
24903
40266
23669
7370
57285
53586
41552
10034
37518
16182
26182
16169
21423
8653
14519
28926
39813
22023
51848
468
58304
58090
3689
13073
26393
30702
15047
51691
36584
18336
21410
47378
40550
9683
54070
18428
12451
23088
23764
60690
48902
4735
42723
3801
16621
12979
46789
9515
11643
63384
22091
49669
45324
10999
33090
37470
3768
45653
27579
44295
23787
45109
6584
3116
2583
18412
60099
12371
60845
1458
58419
33740
