./source/assemble 53919 4200.000 40.000 800.000 0.0 0.480 -9.800 -11.500 0.0200 -4.500 0.100 1.000 1.000 0.000000 0.300 0.100 -0.100 0.000 -0.800 -0.950 seed=1
./source/assemble 52067 4200.000 40.000 800.000 0.0 0.480 -9.800 -11.500 0.0200 -4.500 0.100 1.000 1.000 0.000000 0.300 0.100 -0.100 0.000 -0.800 -0.950 seed=2
./source/assemble 13835 4200.000 40.000 800.000 0.0 0.480 -9.800 -11.500 0.0200 -4.500 0.100 1.000 1.000 0.000000 0.300 0.100 -0.100 0.000 -0.800 -0.950 seed=3
./source/assemble 10432 4200.000 40.000 800.000 0.0 0.480 -9.800 -11.500 0.0200 -4.500 0.100 1.000 1.000 0.000000 0.300 0.100 -0.100 0.000 -0.800 -0.950 seed=4
./source/assemble 16529 4200.000 40.000 800.000 0.0 0.480 -9.800 -11.500 0.0200 -4.500 0.100 1.000 1.000 0.000000 0.300 0.100 -0.100 0.000 -0.800 -0.950 seed=5
./source/assemble 37033 4200.000 40.000 800.000 0.0 0.480 -9.800 -11.500 0.0200 -4.500 0.100 1.000 1.000 0.000000 0.300 0.100 -0.100 0.000 -0.800 -0.950 seed=6
./source/assemble 63712 4200.000 40.000 800.000 0.0 0.480 -9.800 -11.500 0.0200 -4.500 0.100 1.000 1.000 0.000000 0.300 0.100 -0.100 0.000 -0.800 -0.950 seed=7
./source/assemble 63420 4200.000 40.000 800.000 0.0 0.480 -9.800 -11.500 0.0200 -4.500 0.100 1.000 1.000 0.000000 0.300 0.100 -0.100 0.000 -0.800 -0.950 seed=8
./source/assemble 35392 4200.000 40.000 800.000 0.0 0.480 -9.800 -11.500 0.0200 -4.500 0.100 1.000 1.000 0.000000 0.300 0.100 -0.100 0.000 -0.800 -0.950 seed=9
./source/assemble 27683 4200.000 40.000 800.000 0.0 0.480 -9.800 -11.500 0.0200 -4.500 0.100 1.000 1.000 0.000000 0.300 0.100 -0.100 0.000 -0.800 -0.950 seed=10
./source/assemble 17707 4200.000 40.000 800.000 0.0 0.480 -9.800 -11.500 0.0200 -4.500 0.100 1.000 1.000 0.000000 0.300 0.100 -0.100 0.000 -0.800 -0.950 seed=11
./source/assemble 23276 4200.000 40.000 800.000 0.0 0.480 -9.800 -11.500 0.0200 -4.500 0.100 1.000 1.000 0.000000 0.300 0.100 -0.100 0.000 -0.800 -0.950 seed=12
./source/assemble 12628 4200.000 40.000 800.000 0.0 0.480 -9.800 -11.500 0.0200 -4.500 0.100 1.000 1.000 0.000000 0.300 0.100 -0.100 0.000 -0.800 -0.950 seed=13
./source/assemble 57979 4200.000 40.000 800.000 0.0 0.480 -9.800 -11.500 0.0200 -4.500 0.100 1.000 1.000 0.000000 0.300 0.100 -0.100 0.000 -0.800 -0.950 seed=14
./source/assemble 2728 4200.000 40.000 800.000 0.0 0.480 -9.800 -11.500 0.0200 -4.500 0.100 1.000 1.000 0.000000 0.300 0.100 -0.100 0.000 -0.800 -0.950 seed=15
./source/assemble 46918 4200.000 40.000 800.000 0.0 0.480 -9.800 -11.500 0.0200 -4.500 0.100 1.000 1.000 0.000000 0.300 0.100 -0.100 0.000 -0.800 -0.950 seed=16
./source/assemble 57055 4200.000 40.000 800.000 0.0 0.480 -9.800 -11.500 0.0200 -4.500 0.100 1.000 1.000 0.000000 0.300 0.100 -0.100 0.000 -0.800 -0.950 seed=17
./source/assemble 14011 4200.000 40.000 800.000 0.0 0.480 -9.800 -11.500 0.0200 -4.500 0.100 1.000 1.000 0.000000 0.300 0.100 -0.100 0.000 -0.800 -0.950 seed=18
./source/assemble 24274 4200.000 40.000 800.000 0.0 0.480 -9.800 -11.500 0.0200 -4.500 0.100 1.000 1.000 0.000000 0.300 0.100 -0.100 0.000 -0.800 -0.950 seed=19
./source/assemble 12401 4200.000 40.000 800.000 0.0 0.480 -9.800 -11.500 0.0200 -4.500 0.100 1.000 1.000 0.000000 0.300 0.100 -0.100 0.000 -0.800 -0.950 seed=20
./source/assemble 21540 4200.000 40.000 800.000 0.0 0.480 -9.800 -11.500 0.0200 -4.500 0.100 1.000 1.000 0.000000 0.300 0.100 -0.100 0.000 -0.800 -0.950 seed=21
./source/assemble 22144 4200.000 40.000 800.000 0.0 0.480 -9.800 -11.500 0.0200 -4.500 0.100 1.000 1.000 0.000000 0.300 0.100 -0.100 0.000 -0.800 -0.950 seed=22
./source/assemble 30174 4200.000 40.000 800.000 0.0 0.480 -9.800 -11.500 0.0200 -4.500 0.100 1.000 1.000 0.000000 0.300 0.100 -0.100 0.000 -0.800 -0.950 seed=23
./source/assemble 22159 4200.000 40.000 800.000 0.0 0.480 -9.800 -11.500 0.0200 -4.500 0.100 1.000 1.000 0.000000 0.300 0.100 -0.100 0.000 -0.800 -0.950 seed=24
./source/assemble 4970 4200.000 40.000 800.000 0.0 0.480 -9.800 -11.500 0.0200 -4.500 0.100 1.000 1.000 0.000000 0.300 0.100 -0.100 0.000 -0.800 -0.950 seed=25
./source/assemble 53429 4200.000 40.000 800.000 0.0 0.480 -9.800 -11.500 0.0200 -4.500 0.100 1.000 1.000 0.000000 0.300 0.100 -0.100 0.000 -0.800 -0.950 seed=26
./source/assemble 17987 4200.000 40.000 800.000 0.0 0.480 -9.800 -11.500 0.0200 -4.500 0.100 1.000 1.000 0.000000 0.300 0.100 -0.100 0.000 -0.800 -0.950 seed=27
./source/assemble 34627 4200.000 40.000 800.000 0.0 0.480 -9.800 -11.500 0.0200 -4.500 0.100 1.000 1.000 0.000000 0.300 0.100 -0.100 0.000 -0.800 -0.950 seed=28
./source/assemble 24903 4200.000 40.000 800.000 0.0 0.480 -9.800 -11.500 0.0200 -4.500 0.100 1.000 1.000 0.000000 0.300 0.100 -0.100 0.000 -0.800 -0.950 seed=29
./source/assemble 40266 4200.000 40.000 800.000 0.0 0.480 -9.800 -11.500 0.0200 -4.500 0.100 1.000 1.000 0.000000 0.300 0.100 -0.100 0.000 -0.800 -0.950 seed=30
./source/assemble 23669 4200.000 40.000 800.000 0.0 0.480 -9.800 -11.500 0.0200 -4.500 0.100 1.000 1.000 0.000000 0.300 0.100 -0.100 0.000 -0.800 -0.950 seed=31
./source/assemble 7370 4200.000 40.000 800.000 0.0 0.480 -9.800 -11.500 0.0200 -4.500 0.100 1.000 1.000 0.000000 0.300 0.100 -0.100 0.000 -0.800 -0.950 seed=32
./source/assemble 57285 4200.000 40.000 800.000 0.0 0.480 -9.800 -11.500 0.0200 -4.500 0.100 1.000 1.000 0.000000 0.300 0.100 -0.100 0.000 -0.800 -0.950 seed=33
./source/assemble 53586 4200.000 40.000 800.000 0.0 0.480 -9.800 -11.500 0.0200 -4.500 0.100 1.000 1.000 0.000000 0.300 0.100 -0.100 0.000 -0.800 -0.950 seed=34
./source/assemble 41552 4200.000 40.000 800.000 0.0 0.480 -9.800 -11.500 0.0200 -4.500 0.100 1.000 1.000 0.000000 0.300 0.100 -0.100 0.000 -0.800 -0.950 seed=35
./source/assemble 10034 4200.000 40.000 800.000 0.0 0.480 -9.800 -11.500 0.0200 -4.500 0.100 1.000 1.000 0.000000 0.300 0.100 -0.100 0.000 -0.800 -0.950 seed=36
./source/assemble 37518 4200.000 40.000 800.000 0.0 0.480 -9.800 -11.500 0.0200 -4.500 0.100 1.000 1.000 0.000000 0.300 0.100 -0.100 0.000 -0.800 -0.950 seed=37
./source/assemble 16182 4200.000 40.000 800.000 0.0 0.480 -9.800 -11.500 0.0200 -4.500 0.100 1.000 1.000 0.000000 0.300 0.100 -0.100 0.000 -0.800 -0.950 seed=38
./source/assemble 26182 4200.000 40.000 800.000 0.0 0.480 -9.800 -11.500 0.0200 -4.500 0.100 1.000 1.000 0.000000 0.300 0.100 -0.100 0.000 -0.800 -0.950 seed=39
./source/assemble 16169 4200.000 40.000 800.000 0.0 0.480 -9.800 -11.500 0.0200 -4.500 0.100 1.000 1.000 0.000000 0.300 0.100 -0.100 0.000 -0.800 -0.950 seed=40
./source/assemble 21423 4200.000 40.000 800.000 0.0 0.480 -9.800 -11.500 0.0200 -4.500 0.100 1.000 1.000 0.000000 0.300 0.100 -0.100 0.000 -0.800 -0.950 seed=41
./source/assemble 8653 4200.000 40.000 800.000 0.0 0.480 -9.800 -11.500 0.0200 -4.500 0.100 1.000 1.000 0.000000 0.300 0.100 -0.100 0.000 -0.800 -0.950 seed=42
./source/assemble 14519 4200.000 40.000 800.000 0.0 0.480 -9.800 -11.500 0.0200 -4.500 0.100 1.000 1.000 0.000000 0.300 0.100 -0.100 0.000 -0.800 -0.950 seed=43
./source/assemble 28926 4200.000 40.000 800.000 0.0 0.480 -9.800 -11.500 0.0200 -4.500 0.100 1.000 1.000 0.000000 0.300 0.100 -0.100 0.000 -0.800 -0.950 seed=44
./source/assemble 39813 4200.000 40.000 800.000 0.0 0.480 -9.800 -11.500 0.0200 -4.500 0.100 1.000 1.000 0.000000 0.300 0.100 -0.100 0.000 -0.800 -0.950 seed=45
./source/assemble 22023 4200.000 40.000 800.000 0.0 0.480 -9.800 -11.500 0.0200 -4.500 0.100 1.000 1.000 0.000000 0.300 0.100 -0.100 0.000 -0.800 -0.950 seed=46
./source/assemble 51848 4200.000 40.000 800.000 0.0 0.480 -9.800 -11.500 0.0200 -4.500 0.100 1.000 1.000 0.000000 0.300 0.100 -0.100 0.000 -0.800 -0.950 seed=47
./source/assemble 468 4200.000 40.000 800.000 0.0 0.480 -9.800 -11.500 0.0200 -4.500 0.100 1.000 1.000 0.000000 0.300 0.100 -0.100 0.000 -0.800 -0.950 seed=48
./source/assemble 58304 4200.000 40.000 800.000 0.0 0.480 -9.800 -11.500 0.0200 -4.500 0.100 1.000 1.000 0.000000 0.300 0.100 -0.100 0.000 -0.800 -0.950 seed=49
./source/assemble 58090 4200.000 40.000 800.000 0.0 0.480 -9.800 -11.500 0.0200 -4.500 0.100 1.000 1.000 0.000000 0.300 0.100 -0.100 0.000 -0.800 -0.950 seed=50
./source/assemble 3689 4200.000 40.000 800.000 0.0 0.480 -9.800 -11.500 0.0200 -4.500 0.100 1.000 1.000 0.000000 0.300 0.100 -0.100 0.000 -0.800 -0.950 seed=51
./source/assemble 13073 4200.000 40.000 800.000 0.0 0.480 -9.800 -11.500 0.0200 -4.500 0.100 1.000 1.000 0.000000 0.300 0.100 -0.100 0.000 -0.800 -0.950 seed=52
./source/assemble 26393 4200.000 40.000 800.000 0.0 0.480 -9.800 -11.500 0.0200 -4.500 0.100 1.000 1.000 0.000000 0.300 0.100 -0.100 0.000 -0.800 -0.950 seed=53
./source/assemble 30702 4200.000 40.000 800.000 0.0 0.480 -9.800 -11.500 0.0200 -4.500 0.100 1.000 1.000 0.000000 0.300 0.100 -0.100 0.000 -0.800 -0.950 seed=54
./source/assemble 15047 4200.000 40.000 800.000 0.0 0.480 -9.800 -11.500 0.0200 -4.500 0.100 1.000 1.000 0.000000 0.300 0.100 -0.100 0.000 -0.800 -0.950 seed=55
./source/assemble 51691 4200.000 40.000 800.000 0.0 0.480 -9.800 -11.500 0.0200 -4.500 0.100 1.000 1.000 0.000000 0.300 0.100 -0.100 0.000 -0.800 -0.950 seed=56
./source/assemble 36584 4200.000 40.000 800.000 0.0 0.480 -9.800 -11.500 0.0200 -4.500 0.100 1.000 1.000 0.000000 0.300 0.100 -0.100 0.000 -0.800 -0.950 seed=57
./source/assemble 18336 4200.000 40.000 800.000 0.0 0.480 -9.800 -11.500 0.0200 -4.500 0.100 1.000 1.000 0.000000 0.300 0.100 -0.100 0.000 -0.800 -0.950 seed=58
./source/assemble 21410 4200.000 40.000 800.000 0.0 0.480 -9.800 -11.500 0.0200 -4.500 0.100 1.000 1.000 0.000000 0.300 0.100 -0.100 0.000 -0.800 -0.950 seed=59
./source/assemble 47378 4200.000 40.000 800.000 0.0 0.480 -9.800 -11.500 0.0200 -4.500 0.100 1.000 1.000 0.000000 0.300 0.100 -0.100 0.000 -0.800 -0.950 seed=60
./source/assemble 40550 4200.000 40.000 800.000 0.0 0.480 -9.800 -11.500 0.0200 -4.500 0.100 1.000 1.000 0.000000 0.300 0.100 -0.100 0.000 -0.800 -0.950 seed=61
./source/assemble 9683 4200.000 40.000 800.000 0.0 0.480 -9.800 -11.500 0.0200 -4.500 0.100 1.000 1.000 0.000000 0.300 0.100 -0.100 0.000 -0.800 -0.950 seed=62
./source/assemble 54070 4200.000 40.000 800.000 0.0 0.480 -9.800 -11.500 0.0200 -4.500 0.100 1.000 1.000 0.000000 0.300 0.100 -0.100 0.000 -0.800 -0.950 seed=63
./source/assemble 18428 4200.000 40.000 800.000 0.0 0.480 -9.800 -11.500 0.0200 -4.500 0.100 1.000 1.000 0.000000 0.300 0.100 -0.100 0.000 -0.800 -0.950 seed=64
./source/assemble 12451 4200.000 40.000 800.000 0.0 0.480 -9.800 -11.500 0.0200 -4.500 0.100 1.000 1.000 0.000000 0.300 0.100 -0.100 0.000 -0.800 -0.950 seed=65
./source/assemble 23088 4200.000 40.000 800.000 0.0 0.480 -9.800 -11.500 0.0200 -4.500 0.100 1.000 1.000 0.000000 0.300 0.100 -0.100 0.000 -0.800 -0.950 seed=66
./source/assemble 23764 4200.000 40.000 800.000 0.0 0.480 -9.800 -11.500 0.0200 -4.500 0.100 1.000 1.000 0.000000 0.300 0.100 -0.100 0.000 -0.800 -0.950 seed=67
./source/assemble 60690 4200.000 40.000 800.000 0.0 0.480 -9.800 -11.500 0.0200 -4.500 0.100 1.000 1.000 0.000000 0.300 0.100 -0.100 0.000 -0.800 -0.950 seed=68
./source/assemble 48902 4200.000 40.000 800.000 0.0 0.480 -9.800 -11.500 0.0200 -4.500 0.100 1.000 1.000 0.000000 0.300 0.100 -0.100 0.000 -0.800 -0.950 seed=69
./source/assemble 4735 4200.000 40.000 800.000 0.0 0.480 -9.800 -11.500 0.0200 -4.500 0.100 1.000 1.000 0.000000 0.300 0.100 -0.100 0.000 -0.800 -0.950 seed=70
./source/assemble 42723 4200.000 40.000 800.000 0.0 0.480 -9.800 -11.500 0.0200 -4.500 0.100 1.000 1.000 0.000000 0.300 0.100 -0.100 0.000 -0.800 -0.950 seed=71
./source/assemble 3801 4200.000 40.000 800.000 0.0 0.480 -9.800 -11.500 0.0200 -4.500 0.100 1.000 1.000 0.000000 0.300 0.100 -0.100 0.000 -0.800 -0.950 seed=72
./source/assemble 16621 4200.000 40.000 800.000 0.0 0.480 -9.800 -11.500 0.0200 -4.500 0.100 1.000 1.000 0.000000 0.300 0.100 -0.100 0.000 -0.800 -0.950 seed=73
./source/assemble 12979 4200.000 40.000 800.000 0.0 0.480 -9.800 -11.500 0.0200 -4.500 0.100 1.000 1.000 0.000000 0.300 0.100 -0.100 0.000 -0.800 -0.950 seed=74
./source/assemble 46789 4200.000 40.000 800.000 0.0 0.480 -9.800 -11.500 0.0200 -4.500 0.100 1.000 1.000 0.000000 0.300 0.100 -0.100 0.000 -0.800 -0.950 seed=75
./source/assemble 9515 4200.000 40.000 800.000 0.0 0.480 -9.800 -11.500 0.0200 -4.500 0.100 1.000 1.000 0.000000 0.300 0.100 -0.100 0.000 -0.800 -0.950 seed=76
./source/assemble 11643 4200.000 40.000 800.000 0.0 0.480 -9.800 -11.500 0.0200 -4.500 0.100 1.000 1.000 0.000000 0.300 0.100 -0.100 0.000 -0.800 -0.950 seed=77
./source/assemble 63384 4200.000 40.000 800.000 0.0 0.480 -9.800 -11.500 0.0200 -4.500 0.100 1.000 1.000 0.000000 0.300 0.100 -0.100 0.000 -0.800 -0.950 seed=78
./source/assemble 22091 4200.000 40.000 800.000 0.0 0.480 -9.800 -11.500 0.0200 -4.500 0.100 1.000 1.000 0.000000 0.300 0.100 -0.100 0.000 -0.800 -0.950 seed=79
./source/assemble 49669 4200.000 40.000 800.000 0.0 0.480 -9.800 -11.500 0.0200 -4.500 0.100 1.000 1.000 0.000000 0.300 0.100 -0.100 0.000 -0.800 -0.950 seed=80
./source/assemble 45324 4200.000 40.000 800.000 0.0 0.480 -9.800 -11.500 0.0200 -4.500 0.100 1.000 1.000 0.000000 0.300 0.100 -0.100 0.000 -0.800 -0.950 seed=81
./source/assemble 10999 4200.000 40.000 800.000 0.0 0.480 -9.800 -11.500 0.0200 -4.500 0.100 1.000 1.000 0.000000 0.300 0.100 -0.100 0.000 -0.800 -0.950 seed=82
./source/assemble 33090 4200.000 40.000 800.000 0.0 0.480 -9.800 -11.500 0.0200 -4.500 0.100 1.000 1.000 0.000000 0.300 0.100 -0.100 0.000 -0.800 -0.950 seed=83
./source/assemble 37470 4200.000 40.000 800.000 0.0 0.480 -9.800 -11.500 0.0200 -4.500 0.100 1.000 1.000 0.000000 0.300 0.100 -0.100 0.000 -0.800 -0.950 seed=84
./source/assemble 3768 4200.000 40.000 800.000 0.0 0.480 -9.800 -11.500 0.0200 -4.500 0.100 1.000 1.000 0.000000 0.300 0.100 -0.100 0.000 -0.800 -0.950 seed=85
./source/assemble 45653 4200.000 40.000 800.000 0.0 0.480 -9.800 -11.500 0.0200 -4.500 0.100 1.000 1.000 0.000000 0.300 0.100 -0.100 0.000 -0.800 -0.950 seed=86
./source/assemble 27579 4200.000 40.000 800.000 0.0 0.480 -9.800 -11.500 0.0200 -4.500 0.100 1.000 1.000 0.000000 0.300 0.100 -0.100 0.000 -0.800 -0.950 seed=87
./source/assemble 44295 4200.000 40.000 800.000 0.0 0.480 -9.800 -11.500 0.0200 -4.500 0.100 1.000 1.000 0.000000 0.300 0.100 -0.100 0.000 -0.800 -0.950 seed=88
./source/assemble 23787 4200.000 40.000 800.000 0.0 0.480 -9.800 -11.500 0.0200 -4.500 0.100 1.000 1.000 0.000000 0.300 0.100 -0.100 0.000 -0.800 -0.950 seed=89
./source/assemble 45109 4200.000 40.000 800.000 0.0 0.480 -9.800 -11.500 0.0200 -4.500 0.100 1.000 1.000 0.000000 0.300 0.100 -0.100 0.000 -0.800 -0.950 seed=90
./source/assemble 6584 4200.000 40.000 800.000 0.0 0.480 -9.800 -11.500 0.0200 -4.500 0.100 1.000 1.000 0.000000 0.300 0.100 -0.100 0.000 -0.800 -0.950 seed=91
./source/assemble 3116 4200.000 40.000 800.000 0.0 0.480 -9.800 -11.500 0.0200 -4.500 0.100 1.000 1.000 0.000000 0.300 0.100 -0.100 0.000 -0.800 -0.950 seed=92
./source/assemble 2583 4200.000 40.000 800.000 0.0 0.480 -9.800 -11.500 0.0200 -4.500 0.100 1.000 1.000 0.000000 0.300 0.100 -0.100 0.000 -0.800 -0.950 seed=93
./source/assemble 18412 4200.000 40.000 800.000 0.0 0.480 -9.800 -11.500 0.0200 -4.500 0.100 1.000 1.000 0.000000 0.300 0.100 -0.100 0.000 -0.800 -0.950 seed=94
./source/assemble 60099 4200.000 40.000 800.000 0.0 0.480 -9.800 -11.500 0.0200 -4.500 0.100 1.000 1.000 0.000000 0.300 0.100 -0.100 0.000 -0.800 -0.950 seed=95
./source/assemble 12371 4200.000 40.000 800.000 0.0 0.480 -9.800 -11.500 0.0200 -4.500 0.100 1.000 1.000 0.000000 0.300 0.100 -0.100 0.000 -0.800 -0.950 seed=96
./source/assemble 60845 4200.000 40.000 800.000 0.0 0.480 -9.800 -11.500 0.0200 -4.500 0.100 1.000 1.000 0.000000 0.300 0.100 -0.100 0.000 -0.800 -0.950 seed=97
./source/assemble 1458 4200.000 40.000 800.000 0.0 0.480 -9.800 -11.500 0.0200 -4.500 0.100 1.000 1.000 0.000000 0.300 0.100 -0.100 0.000 -0.800 -0.950 seed=98
./source/assemble 58419 4200.000 40.000 800.000 0.0 0.480 -9.800 -11.500 0.0200 -4.500 0.100 1.000 1.000 0.000000 0.300 0.100 -0.100 0.000 -0.800 -0.950 seed=99
./source/assemble 33740 4200.000 40.000 800.000 0.0 0.480 -9.800 -11.500 0.0200 -4.500 0.100 1.000 1.000 0.000000 0.300 0.100 -0.100 0.000 -0.800 -0.950 seed=100
